919672143882  
919024184018
919829270305
919414519923
919928276704
919166770704
919462694813.
918696091925
919829604961
918233307133
916350441402
919784617623
917014561102
918233307133
919636272654
919660752809
917300444962
919929579994
919829285134
919785512597
919829366006
918290070487
919602380305
919828412812
919462815715
919602281846
919875056877
919351406028
916376441602
918560832059
919358113720
918742091398
919799208266
917597345613
919314676535
919928475321
919928029435
919829251552
917665111039
919521530520
919352123614
917742288436
918058069545
918058069545
919785307452
919982995580
919694950590
918000641288
918875612485
917976041626
917976041626
918386027501
919166247453
919660781617
919694720754
919929926590
919414778566
919649541340
919929926590
919145880016
917082530014
919829434900
917877494616
919928086199
919829936580
919929042977
919782220816
919782220816
918005956070
916378041666
919782220816
917742925745
919521756443
918112293512
919950622246
919782723469
917413922369
919829203975
918290288930
916376926672
919928989649
919460067015
919829149723
917597940118
919571713386
919636679585
919782524007
919636679585
919636679585
918052123244
917976194817
918052123244
919549071365
917297070177
917023481811
919414635252
919314881211
919828537052
917877756741
919929728906
916378402144
917014038698
917023902838
919660577801
917597940118
919639390411
919413971301
918003609296
917014710620
917976904031
917426833111 
919467480435
 919034725260
 917850997090 918386013207 919782610589 919829373534 919034725260 919828279486 919610206565 918302696145 918078671017 917740897325 919680311754 919784607870 919829049703 919548263021 919680098516 917300279676 918949175850 919588923320 918824097950 918905016781 918871300438 919829610236 916377319453 919414051971 918290900741 917014858662 917014858662 919887840818 919928408002 919116426127 919829818118 919784460713 919660345309 919950585916 919314430334 919784367243 919829218811 919314146108 919983322689 919314035210 919829218811 918824740242 919772313200 917427878170 919351661578 919368812261 919928408002 919288408002 917976044534 919919464131 916619174067 919680230355 916367604802
916378521718
919413656654
919001931833
918824269346
918000814779
919509779370
917689021857
918824269346
919351601105
918619107831
919140104506
919079629339
919636514471
919587361563
919461497497
919587361563
919587361563
919829210363
919950703603
919214670913
919829210363
919024044819
919929379929
917627009024
917014479870
918386013207
917217867540
919929146414
919644456041
918233483118
918233483118
917014928342
916375829087
919079629339
919950581903
918000930332
919079629339
918239827605
919950581903
919116032778
919950703603
916376840789
917023832895
919462632795
919461497497
919462632795
917340597754
919783804139
917340597754
917340597754
917340597754
917340597754
917073276005
919828676758
919509981899
919602840524
918510803559
917340439941
919509981899
918278677359
918875112993
919602840524
918510803559
917014928342
919509981899
918690091980
917073276005
919660830794
917737036828
917014928342
919352051577
919828340203
917742757194
919928617660
919983386238
919782667011
919983952205
918824713809
919024838270
918529910247
919636354896
919521777977
919782610589
919622029779
919509688423
918890421808
916377914233
916377914233
917410907585
916378800651
919772897081
919518811576
919636232328
919024843718
919549758173
917742757194
917742757194
919785198056
918209151597
916350320230
917877630579
919929929774
919351634564
917976172483
919509350011
918824248286
917427078936
916375784265
917073276005
918302103011 919413984259 919928457591 919119274207 917568608638 918279258283 917300052407 919414932548 917615949498 917374892866 918279258283 919001563751 919545667694 919928834344 919413676322 918955657003 919982256179 919660752809 919414545414 919887777585 916377376773 919828184877 919829936580 919873601544 919873601544 919079785471 917568608638 917568608638 917568608638 919828347766 919928315014 919887151359 919928315014 919649999009 919414250752 919649999009 919785215115 916375802736 917727049108 919928467841 919414251897 918290582930 W918696228231 917627093459 917027093459 917240437866 919460552625 917568608638 919660752809 918239073212 916350554311 919828731632 917372984144 919784023687 917374892866 919571355926
919929511204
919950093271
918209799080
919414584776
919950093271
919024929948
919829316459
919950093271
919571355926
919571355926
919024304195
916367601794
917790959545
919602632324
918306449711
918000764794
916375050227
917014479870
919001328541
918385875136
919079653991
919982284267
919667006452
917568371615
919414376833
918829978516
919887457387
917023617917
918440845541
919001088643
916378337427
919644456041
917665355885
917014603546
917375818476
917733963040
918441077533
917665190255
917877035854
918302884064
919644456041
917877035854
917877035854
919799660211
917877035854
919929490746
917232078557
919660641889
917850002879
917073779812
919509402955
918058632177
919828211044
919950585916
919413648172
919314934223
918000407767
919314934223
919413702461
918094521292
919602296697
919116793854
919928075104
919928075104
919687095566
917014340019
917014171857
919799513800
917014340019
918107589074
919518066619
919799513800
916376094688
918890559519
919044519783
919887852096
919928408002
919351144704
918058069545
919314934223
918058069545
916395691716
919314934223
917689825784
919314934223
919509546433
917240772327
919116113063
919829671602
919116793854
919116793854
917976851814
917792851165
919509541527
919119109190
918076552242
919509959333
918278615101
919013168274
917877406965
919928332831
919521930225
919887021992
919314146108
917878924390
918107052561
919784580838
916367604802
917073779812
918058632177
919828211044
919950585916
919413648172
919314934223
918000407767
919314934223
919413702461
918094521292
919602296697
919116793854
919928075104
919928075104
919687095566
917014340019
917014171857
919799513800
917014340019
918107589074
919518066619
919799513800
916376094688
918890559519
919044519783
919887852096
919928408002
919351144704
918058069545
919314934223
918058069545
916395691716
919314934223
917689825784
919314934223
919509546433
917240772327
919116113063
919829671602
919116793854
919116793854
917976851814
917792851165
919509541527
919119109190
918076552242
919509959333
918278615101
919013168274
917877406965
919928332831
919521930225
919887021992
919314146108
917878924390
918107052561
918739866523
916350501089
918739866523
917877315173
918619512583
917742447035
919001473005
918094585670
919772233023
918104495100
919887884552
919414433649
919414433549
919887884552
918769917059
918239292689
919799578664
919828046517
919057571200
916377075032
918947040209
917340573075
916376582342
919571072772
916367995565
919413971301
919784825252
919413971301
919413971301.
919950509000
919461500020
919460761600
919461500020
919461500020
919461500020
919829218811
919414770088
918955099232
919013168274
919928075104
917753848653
919521871813
918278615101
918890223107
918875308564
918209507970
918112279272
918107713635
919829111532
919521756443
917753848653
919521756443
918949036995
919828184877
919352640828
919024184018
917062073392
919116633308
919521943028
917014272606
919928332831
919785612284
919636606654
919057189472
919783921954
918619396310
919887552189
917792967842
919829089482
918559991779
917742207583
916376439778
918875017007
917357328524
919365263751
919057189472
919351404943
917732933933
916378167715
916376166911
919950517989
918107221966
919636299081
918209736480
917891689136
919511300811
917726000171
918619339568
918003759482
917726000171
919309216401
918890662567
918875770954
919929194454
919166247453
919929194454
917688896464
919829093645
918890538548
917728080066
919736908731
919736908731
919828058351
918440913008
919414213831
919784649342
916376055682
919784043102
919587151515
916377064870
919828333677
917691870315
919351491603
919672811193
919672811193
919799133457
919660523346
919351491603
919521714137
919521714137
919351491603
919521714137
917568608638
917568608638
918302423183
918302423183
919829866751
919950509000
919828212605
919950509000
918949215025
918696648966
919950230598
916378106008
918209307985
919351560426
919414519923
919588072675
919772087326
919783140220
919414871457
919982406484
918441820782
919799578664
919529896999
919828465522
919414871457
919024373816
919829128437
919928467841
918432678917
918432678917
919351491603
919783727158
918955099232
919887195656
919873601544
919829251552
919414499649
917976289321
919784477726
919509767746
919828184877
919928650726
919462269772
917023902838
919351312181
919602346577
916377021488
919829324862
917742854055
919351312181
918742059237
919414906004
918440064383
916377678521
918619221945
919929565623
917297012165
916376708240
916394289658
919929586292
919828163446
919782466464
918003266409
919521868584
918302500357
919602567373
918875374819
918118826855
919414061032
916350112557
919928519262
919252972227
919828583934
919529143562
918233067465
919549406203
919772084223
919214524842
919413555222
919828267130
919351312181
919784848327
919079886735
917378112782
919828212489
919783140220
917877044110
919828115856
919875818656
919828115856
919875818656
919828212489
919549432819
917027164180
916367167304
918290339818
919001271678
917221800000
917727053087
919001844095
919610870431
918000290839
916375329198
919928617660
919414796514.
919414796514
919414796514
917891497237
919414796514
919929565623
919079622691
917878709465
918003469892
919928078704
919828333345
919057755066
919772207373
919982102297
919983982560
917231004523
919828420319
918949993408
919462388892
918058664673
919351662778
917976283794
916377943931
917014050378
916376943295
917014050378
918769225638
918104539618
919414360242
917014050378
917014050378
917792837122
919992001436
917220887786
919928326398
917976389469
919829237532
919414345142
919351637802
919571419430
918949330686
919950093271
918787567592
919571355926
919509350011
918787567592
919001643609
916377453705
917014275962
919509927327 917073740814 917737867403 919799102454 919829669968 919829669968 919252033476 916378990060 918619396310 919352181918 917792054123 919672067186 918283858352 919928666820 917976164340 917734821910 919079372169 917217867540 919358398411 918078652228 919352827430 919782789194 919602956421 917877249733 919928364946 919929395227 919929106687 919602573292 918306120317 919414376833 919414376833 917737046625 918107746132 919829521749 919829521749 919829521749 918340382401 919314503179 919664245351 919057583746 917014844490 919664331039 917217867540 918233307133 917728025957 916375365903 918233307133 919549758173 916375365903 919828489182 917014471808 919079658332 919252279203 917340467099 917733866133 919571647056 919660830794 919667171520 919660830794 918003670130 919667171520 919667171520 919950753150 919116786323 919660838592 919783240437 919588594615 917976953320 918005996698 919588594615 917976953320 919057456454 919057456454 919057456454 919785670401 918955263596 919950151872 918766182397 919352371964 919549365423 919799843470 918650601177 919413926718 917877586800 919462041518 919887995799 916377734792 919116924341 916376242091 919602828308 919530340966 919116641611 916376990671 919644456041 919001905267 918769324407 916376242091 918529910247 918769324407 918890317479 919887140738 918502089806 917878686016 919001857666 916375909129 916375839511 918279596430 918905089616 916376072771 918433267052 919079233659
918764367958
919929598657
919828248333
919983253706
919660752809
919983253706
919829949352
919983253706
919309408343
918233483118
918952827416
916375829087
919352606238
916350543988
918905077505
918442031192
919799439328
917340514200
919928037125
919828676758
919602045103
918890234036
919351202514
919610077068
919521483818
919610077068
919351141808
917340597754
918340382401
917996323541
917340597754
917340597754
917378086791
918107028557
919660847401
919887154461
918107028557
919752517471
918890492334
918107028557
918209281036
918107028557
918107028557
916377262282
917014663256
918696177909
916377262282
919468508591
917877842526
918741846814
919413564045
919610785406
919649115500
919467480435
919660493410 918058330215 918306052574 918690494976 919602762029 919829043334 919610253327 916375290546 916377415828 919351579508 917665517570 918440077477 919214551516 919602828308 919587539659 918529740318 917850098272 919587539659 919462824824 918769981556 916395376675 919660847401 918440803514 919314230899 918340382401 917878722936 919571844168 917340467099 916350212610 918824766412 917023403005 916350212610 916350212610 919571733303 918356078731 919610750904 918619841819 918946855812 919828328304 919079622691 919783259774 918302884064 919828248333 918356078731 919610785406 919660341518 919521777977 919667395552 918112298598 917597424305 916376057635 917014663256 919772118722 916375954241 918764367958 916375829087
918740090941 918949054885 919950122346 919799523680 918769589985 919549758173 919461663932 917976666562 918233807644 917976666562 917976666562 918949521877 919660752809 919024708101 919352944675 917850002879 918386054140 916376057635 918562038119 919351987385 919509042460 919588279127 917340388841 919355533380 919314324881 919887578134 919414235448 917728888256 916376805901 919571255291 919660752809 919460147916 917073819052 916378816001 918787567592 919024768080 919460190099 918168974475 919024768080 918384934018 919149779039 918112258944 919649432969 916367158227 919887003250 919929490746 919660493410 919509755969 919511586523 919468585258 919799415269 919610253327 917976968398 919664494943
918905965330 919414788276 917874797890 918890474041 919829693478 917737221400 918114430954 918769355801 918619303977 918619303977 919829571066 918502827127 918502827127 919485560901 919929608478 919521769179 919571541655 919672824423 919116333547 919717190769 919116333547 918290851510 919414336580 919929322828 916376038640 918279272635 919079195629 919057556050 917727826884 919664353254 919079195629 917728834172 917073520844 918824794484 916350065885 918079060474 917737823508 919672923431 919056229706 919983224622 919667408889 919799785098 918955434098 916350065885 918003758746 919828212198 919521073669 918949208151 919610022770 917742540742 919149779039 918168585040 919314847579 919414016456 918949521877 919521932860
918302087211
919828888998
917850090648
919518133781
919828204601
919610222282
916378547441
916378547441
917413984418
917726933939
919887147531
916378312267
916378312267
918005648290
919664337413
918946967282
919772243262
919649007810
919549424935
919636113511
917014828847
919314197013
919587723701
916376913431
917742261265
918562884593
917742412865
918619897752
917727933817
918209753365
919306153168
918209242521
919694323451
919314198475
916377541447
919610613179
916377541447
919352488086
919694797578
919667312183
918290879387
919024212309
917023663272
919829485848
918005670859
919649688675
917727933817
919414012288
918209005381
918949488209
919352550388
919024634035
919950289900
917340292679
918087215128
919829018415
919079755610
918740804797
919829594277
919784606824
919414979339
917665731805
917014088827
918386091248
919828615171
918766191143
919772006888
919929396278
919252448018
919829933211
919649170660
918233352378
919461666695
917877847475
919314447419
917014664144
919829390312
916376959910
916377933978
919057272545
919660827733
919314134358
919116055581
918529385705
918769701391
917821981600
918302845265
917014663796
918690430826
919929707919
919079898835
918233652252
918824893621
919664164411
917791084388
919119181551
919414245828
919610198300
919509404188
916376821835
919929808182
919672389905
917023452010
919166629253
918766696697
919782285899
917665322859
918432460149
919314020106
919521788799
918949750869
919811667808
919694496962
919351193127
917413835464
919509114398
919602442644
919462129391
919928099990
918302310316
919829321191
919351726311
919982560007
919352986803
919460323874
918952839760
918824730713
918209475660
919057239783
917073800569
919828784806
919358818783
919829183031
919314455364
917220972804
919414228572
918005728744
917709566536
917597684754
917568505011
919660000830
919610450810
917665789700
919351669770
919116740570
919119168786
919116011898
919829188381
919351292336
919024847920
919782707720
918114430954
917665807860
919079305145
916376306792
919460391502
917891554648
919351946392
919509114398
918949172460
919667880660
919414337096
917357556541
918561901251
919461306251
918529910247 919983253706 917665443373 919001532094 919509652415 919352422895 919664146675 919314665290 918824268114 916377703515 919509207028 919509207028 919602045103 918209365237 917734058137 917734058137 916377996087 919413627743 919467875952 919783533486 919929303189 919414348834 919829746320 918741968557 919799204948 919352380712 919214447281 918302629892 917014603546 916376084596 919660594703 919414275770 919166555533 917014050378 918209110112 919829521749 918209110112 919414275770 919414275770 919461628109 918386013207 919314500219 919314503179 918696536011 919828356783 916367454051 917891177902 918233548719 916350028883 919351637802 917300286146 919358701969 919660830794 919660830794919413188555
917852082881
919649883414
919549445974
918005595909
919928011663
918696396795
919887968688
918003747604
917014129637
918432241239
917222049409
919680761248
918000865028
919314934686
919694718263
918890662638
919828134143
918619600230
917240305323
919079966949
919929077133
917414087478
918107113669
919649378303
919828085001
916377646695
918739812454
918503049370
917014462094
919982863434
918890214389
917689054652
917427844436
917791887099
917877674477
919785913317
919521710135
917014437954
919571712288
918239731663
918003219194
916375921166
919667646218
919929846965
919462673589
919024380119
917357103963
919680101782
918764414264
919928498040
916375768194
919782976064
917300046607
919352254941
918005826268
916378199299
917742390455
917073072841
919929969918
919351155466
917790910156
919997476608
919351462313
919782376390
918239702288
917568068222
917877453205
919414333297
917297052046
919587427700
917976158715
918824986343
919352316178
917849879145
917062629010
919549998777
917976840994
919664410413
917703808473
919414552480
917597000186
919887853300
917976233201
919462854832
919829799191
917014488701
919982311118
919413213093
919414783104
918003859474
918561035999
918740081104
919352763877
918949793904
919352744265
917690828130
919660382639
919782811118
918955011279
917340440916
918949084775
919887494421
919929018951
918233282619
917340492563
918918578967
918560996223
917357270845
918769906995
919530105145
919461117078
919314422627
919829299990
917014287900
919829010529
919119149979
918696924463
918901068320
919166348586
919414354328
918955831853
918619229529
917610947614
919982188880
916377520400
917734027542
917597590212
919509901474
916377592509
919610013279
919116336897
916350348282
919413043120
917568340121
918619281511
919887232306
919782138442
919828383941
919166752642
919314274418
918905605618
917976902551
919588289681
919001907008
919251080113
918003300450
918094316622
919024752789
919555756850
918386082104
919521628455
919660369084
918005696373
919694060449
918306767489
918386082104
918890433534
917300181733
919887290684
919829653994
919414335408
917728803522
919214591945
917014287900
917300270647
919079838549
919680040595
918386013359
918949648827
919314987338
919660242311
916378340625
919549898622
919785199569
916377863439
919460554886
916378965309
919950641772
918560036844
918384905228
916375323348
919649449686
919057277323
916375202553
919950107251
916376544322
918769906995
918107567796
919828275045
919829012155
919929012937
917014530716
919358181053
919828370370
918560028923
918619823825
919549942844
918209818722
918952879482
919829265195
919672148621
919166137902
919034097727
919079447004
918306252913
918107300362
919413749716
917413909673
919829284849
918769306232
919784017844
919782905949
919468792150
917014564386
919929610006
919602822274
919414076585
918239222673
919414076585
918107987523
916375061834
919602561572
917340306159
919001740814
918824849819
917878057694
919461861247
918000840073
916367927913
918239309747
919414072148
918619665207
919782539402
918690226465
918824466485
919829080583
919588873542
918233521265
919672379938
919314124103
919588256210
917300432673
919509169641
919351398837
917877566505
919414463014
919782489782
917728084455
917737486440
919461234982
919460170593
917976115342
919887567522
919549622637
919024092520
919672215987
918696766546
918233264266
917232091689
917232091689
919829019021
919983380128
918385883814
919929906306
919314507489
919829325292
919782845162
919983127516
917976919138
919413490317
917427037576
918529410309
917073938955
919001417564
919351354130
917737858483
919929283736
919414607076
917850022789
919414241351
916377307553
919414354330
919460984894
919414354330
919414933099
919782980332
919829482494
919057201227
919783693377
919982228128
918005835939 919602390512 919414271168 919414784806 919024950098 917877639750 919772170038 919414888648 917300394711 917976852475 919929356180 919314440932 919829738801 917300359055 917240726591 919783043700 919251145106 919950026150 919419250445 919928725139 917742369793 918690945032 918690945032 918107007160 919251145106 918233360602 919928954019 917611866301 919057055048 918619485498 919929988415 919511536329 917425970293 919772770760 918003378442 919772770760 919667103815 919079703049 918209321933 917737588299 919414555729 917701817552 918302624738 919352602110 919352602110 919460780080 918769792020 917727946810 919829691248 919460043627 919810946736 918239809793
919680907010
919602828069
918278092313
918278092313
919571062486
919571062486
919571062486
919024381528
918302303300
916376893228
918949671593
919350127011
919079016905 917339888081 919602714757 918094191856 919829362762 918239919757 919529848439 919636239769 919529848439 919529848439 919829269185 916377463699 919950959581 919950959581 919950959581 919719731242 918955606091 918005971125 919672244304 917891271981 917891271981 919602714757 919982987252 918114462820 917357579281 919887761618 919950943345 916377554637 919414001592 918952814391 919024423943 919414076928 919950919231 919001349880 917232848751 917727020848 919518451139 918385892927 918385892927 917727020848 919414254092 918696252997 919887284593 919799900737 918769459946 918764993204 919784756518 918385897995 919414344077 918769459946 918769459946 919350111309 917425944135 918233852878 918003677036
919079703049
919414721025
919511564056
919660017243
917372998872
919079703049
916376350896
919079151458
919351672241
917300407185
919588269828
918233334999
917849914861
917976597460
918890787990
918890787990
919460272710
917732900376
918949920573
918905920263
917792098257
919352916317
917073147094
919460858414
919587464004
917014753957
918058803282
919571781147
919571781147
918003378442
919864225632
918619891923
918619891923
916350061948
916377484813
916350215553
919782311848
919772080221
917737969897
919649389555
918619182950
917221923465
917597412318
918005904266
916350061948
919309396400
917737355372
917014776885
919929161162
919929161162
919828500555
916377484813
918824508973
918003409464
918824508973
918890589992
919529717713
917728031889
917689987289
918949858169
919829362762
917790886543
919887282881
918209992741
919829142228
918385023465
917734886917
919875105206
919419250445
917742486682
918302088349
919694824290
919419250445
919982274352
919462477215
919414935120
918058785754
919001324535
918000360452
918058054906
916350670248
918094290181
919309295152
917378123699
918005842512
919772520067
918209277136
918690702252
919680761593
918440831128
919887475719
919887475719
918905593535
919785367541
919785367541
919314630326
919929191079
919079431164
918875976044
918005842512
919511564056
918058054906
918005807161
917976953320
918118831219
919079736221
919887422430
918094462985
919602952886
919414721025
9672224481 9928537109 9460027959 8769530540 7073350451 9785301960 9828590713 7023975661 9784031616 9571538537 8290530861 9829286354 8851500755 9024900901 9928051182 9785585865 8529095556 9868170800 9119251163 7977849700 9783244860 9518672759 7014479566 9828606663 9050534128 7357962636 7976171300 8005569538 9887074759 7425018261 9928662871 8949280232 9416824058 9116824686 8690452059 8769125427 8302183751 8209813492 9829220083 9461626592 8824309527 9462139343 9101236192 7375950788 7229813479 8432869797 7357782257 9783141004 8306695437 7339722876 9145999787 7737323168 9664376037 9358634004 9982877755 9862272575 9057099507 7976133163 9001862028 8441057124 6377950856 8104180146 9314297644 8302376421 9772152859 9352455499 7878992181 7851813569 8561095081 7404934160 9829532027 6376434996 9799495076 9649977181 9929516631 7891326722 9509083435 9352267823 9352549822 9358689362 9992984467 7023262766 8005569538 6377667082 7976559466 9928491395 7877968486 9414337327 9460726453 9265502626 7877060556 8949280232 7300016373 9413206216 9413959177 8005956277 7849816415 8890325522 7976171300 7357962636 9351638410 9654062346 9653835493 8209680165 9602492929 9929834021 9828441343 9772738055 8209192213 7023944638 9783125999 9414337327 7877762267 9462823623 9414796806 7725908761 9571529458 8619475256 9461534122 8949454460 8949402619 9414770451 8708887543 9351056711 8741901070 7877863397 9521883123 9772877470 8209813492 9928021701 8107856235 9694663649 9983802179 8209373924 9314363913 7339870650 9376312807 9928812262 9829040885 7012984018 7296866157 A 8005518573 7976185077 7240209424 8824157581 7231901899
8107932158
9929300606
9929657185
7852055024
9314939499
8302624024
9509482561
9309298243
9352924004
9413381580
8619217064
7737230981
9875784939
9664135465
8529896981
9001455799
9352162261
6378847645
9783688508
9782628687
9462889927
6378894840
8955326118
9549675282
7742168934
8829061394
7976853519
8000811215
9079350579
9358439449
6367420840
7046266135
7851920391
9887547554
7878699906
9460145405
7977849700
9694090790
8619400609
8000328381
9783244860
9887074759
9588253568
9982105504
9636155778
919079676239
917790810374 
917665460176
919828777146
918005863279
917976755528
919414660360
916377880746
918426902351
917014262637
919252121201
919588085516
918949390377
918233001945
919057517049
919829531701
919057578629
918890520225
919983798433
917568887012
919024532297
917073571461 
919414460633
916377496347
919782515144
918233001945
918875186856
919468584047
919571992101
919214630288
918619533149
918440870069
918209313540
919529121642
919784979953
919530276583
919079208362
919001214046
919928513507
918003062606
916376834551
919024842167
918000609810
918003114094
919828694828
919660039981
919982358224
919887024217
919928389308
919928137580
919928954394
919414358666
917073713383
918946948829
919509050592
919950063419
917791020929
919891434320
917877328718
918529840498
919314874439
919351950791
916350653930
918209246169
919079659282
919413400242
918769262466
918239826069
919314124103
919509783747
919887173880
919251645445
919660480439
917976311252
919587001023
919829017001
919414229242
919352071247
919414390515
917410989738
918209777095
919828347471
919414067335
919829457187
917424925791
919529562680
916367671669
918890274800
919672980020
919983443049
919602138372
919950280827
917665548522
916375448241
918209352317
918209296075
917665791407
919414755984
918005835778
919460061642
918826789500
919928958018
919414250801
917222819221
916377548458
918949099109
919785267035
919079453560
918905549490
918005990828
919772646692
918559979708.
919875295895
918949938248
919928243463
917296873740
919929370412
9179760160501
919079646343
918955059864
919928151339
919784061941
919166839623
916378971115
918955773663
917424925791
916375476778
917737856504
919664241199
919928811243
919828454756
919929660604
916375476778
916375061834
918890909889
916378971115
919261108010
918963005606
918209796359
917014713250
918302995160
917737293040
918107516723
917062504165
919549375707
919784519691
918824463242
919829844289
918875082254
919461310861
919588067285
919166752642
918386892449
918441080699
917615959385
919024813147
919214970033
919571847495
917568867337
919116626612
919636655163
919001199348
919829065617
916376770109
919828325400
919799535316
919036514403
919837889965
919983673914
918851709577
917014118183
918290630636
917891154536
919602554310
919314435705
916376850501
919001462729
919983333663
918209800563
919928163341
917357189713
916377776770
919414713020
919358099875
919358099875
919829053678
919837889965
919828586030
919828109540
919799380058
918824713935
919829871124
919829053678
919460956685
919309311058
919680506113
918385948297
919660523406
918741945696
917976488768
919413238396
916377448289
919314914952
917412988541
919887577603 919352121312 919660431765 917300135546 919783727158 919460193295 919587775999 917822862050 919414910327 919680666249 918306759587 918890035814 918505068209 919588045197 919314661102 919001052920 919887897508 918503826338 919649954918 919653712398 917014423766 918740024821 919414442692 917062273138 919664065441 917611866684 917877778404 919982191604 919928143702 917378231451 919950325637 917073726890 919352714756 917976835180 918290045748 919785080110 919929713278 919982906861 919929556788 919314965667 919990102353 918559914568 917877709986 919460837090 919549456600 917791023831 918799710334 919929740621 919511307370 919950440109 919116907910 918769360111 919928563931 917023324359 919414362108 919314205862
919667333124
918000604122
919116306122
919001074832
919351915113
917737798137
919783303847
917568979935
919057764095
917014538232
919928524719
919119179777
918003136000
919024206240
919588234998
919799135244
916375508416
919414751211
919166656978
918955208982
917877500249
917976435418
917878726815
919799146228
917568536065
918440960860
918696127262
918209309745
917222817905
917627018769
918769365601
919166714607
919887439876
919166477501
918302558545
917300467637
917891697585
919358387135
918890619920
916378353842
919660919078
919829719770
919928739903
919351624020
919079333707
919772738847
917014349163
918005970952
917011609888
917878868642
919414653284
918209390988
916377042699
916378243415
919887454680
919928414552
919828094086
919672054263
917340599003
917073272905
918279224827
919352867723
917219992406
917976150232
918387873351
919828046900
919351538422
917023056979
918955069177
917891384460
917737883055
919587462341
919649999109
918000914370
919214577446
919929466630
917737523902
916377941336
919352975584
919461053993
917425888728
918107742379
919024250185
918290321572
919785791224
919079937262
919001212755
919588814085
919166627421
919602221622
919772306679
919828404791
919664392852
918003107099
919352216297
919079326123
919875221817
919785716548
916375826391
919660059497
918000415818
919352033314
917014582207
919414363154
919602109520
919887802488
919602789588
919928716475
917976150232
919929306511
918619200050
919929700902
919887161218
919929143294
916376442252
919829493482
919660796234
919950139883
916375995572
918003510978
918058087113
916375995572
919784197218
917014757033
919983577158
918107574375
916367536911
917742233231
917357139331
916367125957
917014459799
919001906853
917742978431
918905526449
919828180339
918529196982
919784006421
918824405623
919351157935
917357139331
919079263493
919694061897
919050224436
919928638660
919588204993
919799327655
916367382118
919314662333
919783219514
916375891748
919785185120
919602327942
919983417350
919351426401
918619994598
918290675046
919982255227
917023725934
918306854702
919829372034
919928638660
919828655018
919680874512
919828210589
91982828910
919649815443 918503896378 919828022321 917056908478 919887865450 919460723017 919079945854 919314004454 919928226382 919829669378 916367507043 919928226382 919314961007 918890593182 918955090408 919928587792 917976150423 919928623248 918890725858 919057676876 917790912037 919588959732 917297815386 919772422921 917014748149 918094619379 919887869054 919509802798 919828703816 917734034782 917296832740 919799256462 918094497001 917742750123 919672298340 919982906629 919636373321 918432370071 919887811089 916376744690 L917014889902 917014207987 916376129263 919887630743 918949749283 919928375011 918209086941 918279251968 919462605989 919636102033 919660796234 919782691799 918306639807 919414352135 918875613074 919602004220 919414067404 917891127436 917357560921 919214317683 919314249644 919950039158 919587164331 919799260716 919828383493 917239936607 917014735673 919413473986 919509054959 917878519589 918107941799 918824586262 919314357516 917300097970 919001425122 919214586745 917976829540 919680070610 917976231632 919950402433 919680070610 918003617042 917742951523 919119338145 919828190324 917597893809 917014292534 918952913787 919001715118 919829127954 916375895765 919982220626 919829127954 919828505021 917891399315 919649701483 917014585507 919829296045 919672022022 916367972090 919413986357 919462216543 919829567146. 917014127619. 919829405027 919462212964 918949927189 918290902530 919829514604 919079177865 919784036902
919887719355
919079062784
919461667377
918239515633
919950440109
919772950861
919680598339
919509990527
918890059578
917597862104
919667894206
919352222414
919950768585
919828594075
919799057062
917014676729
919950000343
917340483044
919511537462
919314611211
919829405027
919414219126
917891179151
919772979734
919829218840
919829969215
919680667693
919950000343
919413520763
919079052377
918619789270
919982329992
919602199872
919636787635
916350557328
919829711513
919462432446
919667000111
917568150211
919983637513
918824258984
917376080957
919024715911
919667000111
919887171291
919166840159
918690197442
919983821907
918003811770
919828770307
919928727684
919799547166
919887171291
919875763851
917689855877
916367873723
918209403960
918760627777
917357472098
918824691260
918607152977
919785973579
919413085369
917878688518
919116009975
918278679832
917877449632
919636923644
919664098815
918769119465
919829871124
919785245763
917878248826
918107037939
917357244278
919571383777
919079944797
919414245786
916377165491
919799686800
919057962188
919828325400
916378558206
919462087796
918094947840
919351105798 919549653159
919694699783
919413970800
918385870968
918302221509
919461233394
916367162262
919783769449
917240032983
919024989245
917568173267
919559744803
916376072973
917737565347
916350072075
918875965539
919828539973
917062097471
917793061315
917206167092
919351905900
919509363741
919928857590
919528525758
917733042954
917976118095
919509375892
919829319790
919528525758
916375476236
917668547715
917062235544
917742059173
918949559447
919079466192
919649904282
919660084219
918233010221
918619727550
919602601876
919784280555
918619189755
919314021469
919352530974
918949150241
918302561587
918209889097
917042271506
918107877528
918302561587
919414527499
919649790957
917597734925
919460068639
919660425826
917976946537
919001249209
919462556613
919511572275
917042271506
917357657790
919782523979
917340490619
919782523979
917976893529
919875763851
919829969383
917976995251
917742995939
919928080703
917734003947
917792838305
918209453265
917568237299
916376772137
919413432867
918386050186
916376553342
918306952204
919660970220
917976005015
918003487207
917976005015
919166126980
919829056997
919166554700
918290787460
919983545911
918955709382
917740820792
918290787460
916378437002
919828199803
919772719311
919571708348
918905345436
919772388998
919461163324
919636847578
919929380984
918824481331
919261360660
919950517989
919799726939
919829352679
919929985871
918000230816
919214202122
918769869616
919799334493
918386066871
919414504245
919829571056
919529812225
918949462420
919983957925
918824019189
919414362108
919660061301
919782940378
919828186716
918104632048
919351495271
919468867560
919314883158
917742614663
919982568323
919784451805
917742929316
917976473877
919799613106
918875885330
918875752724 917339949216 919636245769 919782122778 917976473877 918619088941 917424958787 919587036496 918005839823 917891601269 917610959878 919928141202 916378257372 919680527962 917014566165 919414776346 919462224378 918769526400 919461852896 919928611105 919929561296 919982078604 919602404846 918426905601 919828099900 919929561296 917850958497 919602076391 917742773244 919460025580 917357112895 919887086481 917976809397 919680892417 916375894056 919828411252 918890635955 919672950070 919887262233 918441884729 919511553895 919829930313 918619755377 917339872371 919521124455 918000271399 919119113828 919587909868 917850823127 917877650758 919928431807 919950699845 919680145558 919928540755 919462221815 919001775106
919694050406
918946801407
919636571467
919887369148
919509912357
919549145251
919799082369
916367107923
918890566898
918696731836
917891714727
917357438858
919461029153
916377110879
917014714723
919929597889
919829018098
918094563956
918949646792
918000423962
917611887295
919653789408
918209759147
918209803391
919351049322
919461169612
919414230492
919799497778
918302941458
919784849529
919982907497
919521481251
918769615384
919887719355
919460954912
919649831230
919887067336
919414248489
919166269010
917733855862
918287540739
919928471002
919587090447
918209059970
919462391303
919928160641
918387960235
918290720761
918003368356
919929047516
918209261348
918946801407
918952073457
919828105990
916350205531 918696654851 919694724502 919351894442 918905817783 919887289062 919784307634 918302486390 919588882175 918005980880 919887878318 919982737547 919950143835 919950892144 919521378866 919509470710 918769190391 919001919238 918003315400 916377941336 919579602038 918058947098 919829999284 919314572968 918386068432 918696133428 919460389061 919928030080 919460193295 917742883481 917976724785 919828725536 918302193892 919983339008 919929469869 916377289298 919950182455 917665199088 917976660467 919509914535 918306057606 918058611592 919887164796 919461252802 919653999304 919950948549 919521688847 918005525695 919509970766 916376992650 919462647100 919509970766 917056908478 919414542201 919024700744 917378060729
919660924508
917627088287
916376219154
919024495628
919829433603
919928029599
919558991476
919414458925
919116598642
919116805020
919119395535
919414826782
919509406542
919950030616
917221089100
919680838873
919784260001
917023854697
919783553613
919166880543
919887300411
918005590382
919024240689
918000445314
919079606709
919829547591
919983200666
917734060741
916375187806
919414454806
918955103985
916350443639
916263997996
919610944192
918769719711
917878022656
918107677839
919610269833
919828974742
919460357936
918769029528
919079351921
917878267731
919929397904
919929869274
918955391467
919079741973
919610178795
918094497719
919461111861
916350085601
919680590330
919024423967
918003868967
919783600851
919462097328
918302070252
919352855481
917297930048
919079155980
916375508416
916350212320
919929233656
919694829460
919602084746
919602084746
919610151985
919982400901
919166627243
917014987594
919413444180
918003804126
919667650610
917340428334
919509798595
918619822204
918302237205
919001907092
919549131810
919950590760
919928070548
917410835897
917790997487
917014582168
919166844667
916376839885
917878914521
919828988135
918619013112
919928277282
917878914521
919413974627
919166693986
918955091790
918118820208
919660778228
918905545287
919784199944
919413645199
919462981817
919782878477
917793092252
919414822124
919929725238
919828010556
916377364234
917619788888
919079112664
918560069700
919413345522
916375036364
918209176596
919660886936
919461531929
919636314796
917976145077
919636749245
919829246114
919119338788
919664048856
919602084746
919694902523
919929267268
918946911115
917851036367
918619941750
919588085458
919929550323
918559851889
919928228768
916375183090
917878228131
919828493875
918000415818
917793845693
916367345198
919929258857
916378756888
916378196359
919460069587
919928579261
919636767834
918278645840
917737792359
918278645840
917665555897
919799439328
919799047552
916377163487
916378804782
919649487220
917427006057
919928997096
917229820988
918107310293
919610850531
919314143247
919351362300
918949713772
919660482765
918890385452
916376060018
919828051722
918560901141
916377177256
918905070069
919983655651
919636377126
919928768273
919672714050
917742532450
919983368970
918005804697
918824156902
917611002030
919460983952
916375025347
919001979576
919928127326
917878977043
918955159063
919784215530
918824451992
919929342490
919694600830
919772026851
919785730124
919413312164
918441095784
919829210294
918955185879
919351421954
918529556264
917665813486
919694215677
917976988535
919983168300
919649874877
918239991759
919269587026
918905021199
919588248886
919079337232
919414396191
918209603226
919530461700
918302831200
918003897088
919782135469
919001952119
919782153874
918290269851
918000694453
919024124161
919680042151
919928368869
919694983561
919950698646
918104883890 919587379098 919887862164 919929258857 919460875267 917425992482 919588263308 917568757429 919664288300 919351362300 918441068541 918306615153 919413200163 918209092919 919829493482 919024248141 918955773930 918619741015 919079937262 916377811455 917878726815 919950941401 917792078389 917000119486 918440979011 918441068541 917726808691 918619900561 918003503178 918559994136 919887106941 919460876337 919413889417 919828670997 917339889200 919667905196 919571374702 918005586599 919950714201 919983675177 919351512764 919829840689 916376518127 919460800325 919672932425 919784000623 919829840689 919352418441 918824868078 917014555518 916367804595 919928525813 918279290081 919672980595 916350473543 919680111812
919782572137
919166140272
918209832830
917014679650
917426057260
919783172898
917976413168
916378020734
919929212348
918769361835
919587877987
919351878549
918769361835
917597969025
916377224051
919351878549
917665553557
919001141308
918769509789
919983562538
918696666198
918279245549
918619673504
919929037251
917073528819
919604968740
919784580463
919829210580
919782252530
919660596131
919079983118
918432042498
919588242132
919672768484
917568222485
917339962935
917610986601
917240797248
918619097735
917220801121
918824401362
919116055666
919352419257
918619935513
919460476929
919799734935
918619635914
919660429913
919829179026
917976183664
919928238160
917240661080
919024720860
919001979576
919462104370 917014503926 919829740230 918058810208 919782624326 919352715599 919875039437 917014444147 917062521621 919660825413 919782913204 918440862875 918239142367 917063442634 917424889678 919509512864 917878047192 919828899126 919828317886 918302391958 918529338580 919799228301 919783980318 919001158263 919664251765 919549209364 918000168829 918107754848 918003005820 918209128087 919982029068 919785317317 917375814531 918562071907 919799572998 917793092252 917877408878 919782966818 917300499472 919783245913 919602966874 918003836820 919928329898 919929245332 919549694222 916378327360 917737977676 919460254519 919462148370 919660825413 919928468166 919351257827 919509106234 919462144842 919928758072
917976272924 917014503926 919829740230 918058810208 919782624326 919352715599 919875039437 917014444147 917062521621 919660825413 919782913204 918440862875 918239142367 917063442634 917424889678 919509512864 917878047192 919828899126 919828317886 918302391958 918529338580 919799228301 919783980318 919001158263 919664251765 919549209364 918000168829 918107754848 918003005820 918209128087 919982029068 919785317317 917375814531 918562071907 919799572998 917793092252 917877408878 919782966818 917300499472 919783245913 919602966874 918003836820 919928329898 919929245332 919549694222 916378327360 917737977676 919460254519 919462148370 919660825413 919928468166 919351257827 919509106234 919462144842 919928758072 917014503926 919829740230 918058810208 919782624326 919352715599 919875039437 917014444147 917062521621 919660825413 919782913204 918440862875 918239142367 917063442634 917424889678 919509512864 917878047192 919828899126 919828317886 918302391958 918529338580 919799228301 919783980318 919001158263 919664251765 919549209364 918000168829 918107754848 918003005820 918209128087 919982029068 919785317317 917375814531 918562071907 919799572998 917793092252 917877408878 919782966818 917300499472 919783245913 919602966874 918003836820 919928329898 919929245332 919549694222 916378327360 917737977676 919460254519 919462148370 919660825413 919928468166 919351257827 919509106234 919462144842 919928758072
917976272924
919413157182 919587159190 919782466513 919529777737 919549355834 919664420735 916378684611 919314024818 919261547460 918660509200 916375183090 919950003082 919467307828 919351001019 919950209698 917014063962 917878832260 918824208850 918769066556 917742978431 919610850531 918107397268 919799842969 919929070932 917239824859 919982201727 919672975214 919660796234 917073283167 918561096721 919694899259 919351879746 917852030907 919351879746 918769066556 918503914427 919680395466 917014007985 919928229486 918949835514 919610329696 919414616666 919314268613 919982721786 917425050577 919079658819 917726076024 918239433120 918058212865 918209259815 917023997889 919414241295 917414075247 919166461989 919829239934 919166666944
917627078880
919785384617
918559992872
919680756881
919782143849
917374004861
919772250730
919024708957
918764374262
919314249644
918441884729
918890486293
919887961922
919782160504
919549595331
918432478353
919983335879
917726938256
918302523258
918107564199
919602404846
919680822488
919352148108
918505069534
917568472342
918279255762
919667025489
919694412171
919166621535
918239654918
919950207803
919772719311
919929279328
918890010600
917062876563
918860384056
919784034104
919910463956
918949951130
919828179018
919660692639
919610202635
918890936664
919509595327
919680810144
91774219277
919462224378
919660621684
919950908605
919509595327
917793084876
919887003250
918000408636
919587634587
918239606128
919660796234
919602828565
916378560505
917792013125
919928131757
917062028548
919799024542
918279225955
918561028875
918290706212
918209078292
919928575132
919588262740
918561099157
919166177757
919521089559
919672310952
919785898331
919950552019
919950443131
918076778023
919829459350
919928008906
918769353464
918559977819
919829462089
919001044951
919309386879
917976784866
919929871888
916378343277
919772621768
918905880203
919079753357
919887409015
918529645701
918875902498
918000542422
919079357928
918003897760
917878189164
919413748476
919024340014
917665815542
917665196038
919950343941
917014292534
917878605963
919462085156
917737806052
917877676621
917849878914
917688983522
918003040483
919521104044
919828255505
918003626567
919414526752
918306564551
919828523929
919887160722
917849955029
918955575661
919024659904
919351566486
919660621684
917742554319
918619107587
918005742810
916367737863
919799800330
918562815265
919351523823
917851825904
918824587218
919365603459
919462087900
918302938655
918955575661
916375594843
918769505296
919828930299
918279255762
918930977873
919929612284
917477090919
916378556465
918619893544
918058485901
918890261818
919799608205
918504901912
919782835811
917976827684
917689845120
918890499959
919694548907
919588900225
919782231140
919660796234
919929597889
919314249644
919660796234
919664377752
919887409015
917976150423
919829057801
919929287533.
919694248584
919785928203 919509760508 918290957737 919784036902 918824019189 919950344938 919636357098 919549011868 917073676255 919166126980 917222033444 917073046226 917073676255 918209059970 919309049207 919785312902 919667894206 919829270392 919929696656 918233288356 918290444586 919721202914 916376744690 917056865675 919001773074 918005575983 918209516303 919511534631 919251660786 918529420894 T918949086355 918302788386 919887003250 918003483747 917568243717 919799608205 919057246489 916350628138 919929666473 916283211862 919414391801 917300196699 919929450620 919462766692 919024755055 916376110620 919079951295 917597734925 918949109837 919413372491 918905607382 919425158126 916350200349 916378817109 919460986955
916377360789 917240317919 919929456787 919571335559 919314074518 919314500469 918079054055 917976949726 919414460441 919875200140 919001296008 919414390290 919461671716 918307290670 919571735340 918000106937 919145980516 919529411055 919352218324 919414707389 919887359336 919610728660 919829108335 919352841914 917427010258 919326127711 919413340803 918830839898 919314529254 919928261176 918740811411 918003189276 917427010258 919588227857 919352444988 919036514403 919782221742 917568012051 919413239608 917426823836 917240011031 918209088200 918209088200 919314877615 917340440916 917340423494 919358466618 918306867705 919602041752 917878486171 919024688707 919413236427 919664462366 919950244963 917850010080 919783510737 919636633365 918000320920 918949166996 919784553749 919413676951 918955860266 918824683732 919694035673 916378986572 919352974411 917239826572 919828915617 919664364244 918104402257 919660457509 919413634797 917014359699 917733016161 919828970358 919636341099 919785530751 918949616254 919610023705 919509585203 919782866502 919511502259 918949217715 919829275204 918562005998 919784211759 917232044420 919928350607 918209188016 919929931102 917011452290 919828066885 917339863788 917568805308 917742155551 917728924992 918385911744 919829149297 919785359113 917340490619 917427857358 918529239395 918946979463 918890347098 919528525758 918094638629 917014953232 917340680479 919414041056 917232097246 
917737934353 917737934353 917737934353 919928650971 918306471490 919829822226 919561730098 919602173820 917023849221 919561730098 919602812555 919269075735 916377052278 919269075735 918619973696 919829486364 918882433333 918905807603 919829062404 917014780436 919024166458 917240198212 917014336675 919828686121 919928538946 917240198212 919928538946 918209182088 919413335486 919828686121 919530039215 916377392093 919982987252 918619397717 918949354384 917976593610 919828411848 918905075509 917791037940 919414322244 918905075509 918875110316 918875674639 919875100410 917375987729 918824135994 917737895670 918607041129 917737895670 917737895670 919928419533 918441080830 919521840918 919024788490
919829233425
919649388624
919649236599
916377829754
919001697431
919772721098
919001697431
919116901344
919414344077
919588259015
917850885962
919829209620
919928715868
919413051157
919079181950
919571602302
916376773002
916377374619
919799049748
918209182088
919214041076
917737133411
919829716106
918209495297
919413150420
917726076611
919798956151
918955960920
918952814391
919529594821
916350130824
918529626301
917042202246
917357997220
918005580241
916367189336
919950143796
917428147293
917727025956
916375161676
919414001592
919166976965
919977754888
918824864376
919416479863
918824052541
919636648653
919664035565
918769922292
918112245780
918005049306
919024423943
919782845625
918690780733
919928650971
919828024137 919314633960 919636339660 918239299751 918809310375 919928209366 917742576997 919928764870 917665127032 919928209366 919928209366 919549098296 918949691945 917568451560 919829921371 919414784720 919460568268 917023832879 919315499480 916351789284 918440832579 917976913165 917976913165 919461100291 917014703048 919414888802 919887134814 919660455305 916392420873 919663691073 918005681632 919983832820 919529002570 918094025970 919166235119 919116331587 919166366279 917742528096 916367570068 918302421797 918005681632 918239361593 919467995120 917568070231 918302421797 919314616649 919928941349 919460568268 919351377111 916378358149 919602994764 919530400612 919649556739
917878490880
919050330111
919829107048
919829789871
916377984760
919783122291
917014702949
917822914443
919828446390
918619277276
919785252334
917822914443
919887080480
916377234197
917014214380
919529002570
919529002570
919509429086
918307453793
919350052022
917891173507
918875249765
918302437285
919928209366
918302437285
919057544419
919927663671
919057544419
919057544419
917300085850
917014702949
917412923799
917014702949
919462514959
918239361593
919571273933
919996272316
919462514959
919352599358
916350089831
917742528096
918504999116
918619302912
919024684608
917568848055
919001006078
918384969494
917742768171
916378769841
919782830578
919414784720
917014166514
919351666766
919571117861
918440881532
919468030293
919079100423 917357997220 917357997220 917878404302 917610879711 919462308845 919602459809 919462308845 919784582138 919799303394 919829046812 919782920648 918690306730 919521786090 918764054253 919521786090 919521786090 919521786090 916376852361 9170144669021 919828571318 918696961137 919414335548 919352302752 918561932296 919269233002 917737038429 918003299490 918395928232 918306834928 919166976965 919667009945 918529626301 919928302123 919829310888 919193914245 918802789537 916375356900 919983415341 918003807555 919414658446 916367189336 919414658446 919829331726 919636378996 916377771454 919839148046 918696821234 917689955316 918890031470 917597240816 919166986731 919829224194 918290278094
919587169481 919024704221 919461055825 919461055825 917014600980 919829006776 919024219650 919799901440 917976943320 916376441602 917877508686 917357871119 919509593464 919782401711 919829522594 917014810715 919829936580 919368812261 919368812261 918386859034 918104777577 917300430768 918392911919 918290557787 919982317513 919024262097 916350474642 919024184018 919782222257 916350474642 916350474642 919145805426 919887195656 919166247453 916395691716 919636413340 919571654138 919352140018 919413377468 919928698305 919928408002 918875992929 919928408002 919928408002 919414771045 919694081750 919352551099 919351994774 918963842954 918890579753 918949036995 917014022727 919414321496 918104495100 919772233023
919784802121
919269958249
918003958441
917014998526
919460452585
919799238329
916376952724
918764664164
918104067575
918385818106
919667919146 917597940118  917597940118
919314137284
919462067389
918107129260
919413726227
918003759482
919928666443
918107797341
917665491175
917339929880
919982201199
919887664528
919799392467
917665413751
919829561164
919983744488
919660572003
919462486508
916239976972
919119290425
918949739849
919460158369
918005941449
919413017321
918005941449
918005941449
919887464387
919251066671
919413017321
919079174734
919166235119
919511338992
919166235119
919636073249
918619010478
919928058917
919314168335
917976618231
919983345827
919079224219
918949897406
919530400612
919588862512
919468030293
919079100423 917357997220 917357997220 917878404302 917610879711 919462308845 919602459809 919462308845 919784582138 919799303394 919829046812 919782920648 918690306730 919521786090 918764054253 919521786090 919521786090 919521786090 916376852361 9170144669021 919828571318 918696961137 919414335548 919352302752 918561932296 919269233002 917737038429 918003299490 918395928232 918306834928 919166976965 919667009945 918529626301 919928302123 919829310888 919193914245 918802789537 916375356900 919983415341 918003807555 919414658446 916367189336 919414658446 919829331726 919636378996 916377771454 919839148046 918696821234 917689955316 918890031470 917597240816 919166986731 919829224194 918290278094 919587169481 919024704221 919461055825 919461055825 917014600980 919829006776 919024219650 919799901440 917976943320 916376441602 917877508686 917357871119 919509593464 919782401711 919829522594 917014810715 919829936580 919368812261 919368812261 918386859034 918104777577 917300430768 918392911919 918290557787 919982317513 919024262097 916350474642 919024184018 919782222257 916350474642 916350474642 919145805426 919887195656 919166247453 916395691716 919636413340 919571654138 919352140018 919413377468 919928698305 919928408002 918875992929 919928408002 919928408002 919414771045 919694081750 919352551099 919351994774 918963842954 918890579753 918949036995 917014022727 919414321496 918104495100
9610893280 9828743037 8824018950 9928124313 9929727498 9602685930 9828210618 9672224481 7357835424 9079152937 8432067919 9799721528 9166472821 8302832338 9883433845 8107161286 9057298774 7742733858 8233227374 9982473066 9414931417 9636127614 8112205255 9530225517 8233227374 6377452092 8740952397 9664262757 8094497948 9460554050 6375825755 9413967324 8000727137 9352368814 6376891738 7062034413 9928259835 6376148863 7691010560 7014344514 8890071701 8005690269 9358580351 6376822820 7296831122 9351290465 7339885166
9610533608 7014673334 6375733702 9168070416 6378996166 6378469966 7891981173 9460294810 7891981173 9414245849 6378582889 9460949526 8000952217 9166849342 9783248811 8005895967 9351134284 7014783635 6367231029 7023021630 7023883954 9116599443 9680564248 9928125020 9799438161 9983794569 9352882039 8209353723 9429219229 9667388372 9352882039 7378023141 9461573661 8005918843 8005887011 9828107573 8949259991 9915499911 8890213049 8306649261 7742363814 9785929558 8763031751 9529338675 9024964270 8003501848 9840643494 9351263990
917976253475
917849922049
919667356573
919784627076
918302357833
919818240692
917426921950
919636125297
917701817552
919667335112
919636125297
919024883013
919950533153
917877315173
919782025580
916376209353
917568620993
917357312508
919818240692
919818240692
918058091011
918952819888
919782230246
919818240692
919887555849
919983228941
919460166855
919462057634
917888782292
918058091011
917976632068
919413339488
919602669641
919818240692
919818240692
919818240692
919818240692
919784154299
919636125297
918770045320
918955372947
919945253931
919660223376
919929623618
919929788997
919829866168
919928736885
919782829709
919782829709
919414141040
919024883013
918302229173
919829610370
918949949387
917737588299
9782208025 8696935998 9664298197 9351685960 9783141004 7742774219 6375215490 9875793011 9588836971 9462655866 9314022766 8003721424 7426087500 7742108205 8440886782 9887071045 9929355565 8233429650 7378172069 8233032400 7793016566 9358439449 8824236398 9460140856 8529050055 7597698623 7878638282 6375360397 7627076206 9950210511 7597526275 7876474658 7426941608 8851500755 9460144754 7426912859 8005569538 9352162261 9667873796 8949280232 9413206216 9351156711 7597113315 7340510902 8875309133 8302183751 7046266135
9461534122 9950045566 9101236192 7976360791 9772683023 9783141004 9145999787 9654957856 7073307791 9587909733 9509994610 9358634004 9310827837 8290252358 9887087494 8562818394 8290252358 9928880867 6376646827 9057099507 9079988992 7878880309 9314740229 7240427998 9660720127 7378115032 9680250119 9667222266 9588990388 8290931223 9509192445 7891706746 7568460464 7742419155 8209798276 9079531449 9928175256 9024891626 9116699648 7976053324 9358625296 7877346001 9252020507 9982862293 9785618166 6375531249 8949512225
7425922398 9829481425 8905659638 9530111090 9413961350 9460555179 9414622791 9653985422 9636218292 8209504336 8949342438 9694848732 8619544153 7878836013 9828393107 9549404141 9166616025 8949119779 8769491997 9414308382 8290738303 9772109970 9799212309 9414991681 8209283003 9549145245 8290528734 6378980969 7597865821 9929741282 8238208923 7413830931 7073181314 7340250141 7297044811 8209972962 8005661421 9079613572 8112252232 9817566522 9829728632 9829628157 9829628157 8005866571 9829204972 9412577432 8107621346 8696511111
9001893982
8504905616
8000142711
6377867131
9929924439
7297975091
9413084347
8005661421
9166237343
7732865899
7742412802
7014684519
8005647452
7688800375
9982020032
9829824320
9549323617
6376895998
9079021532
9680197045
9672840611
9785788625
7742789415
7665096665
9785832448
9571222399
7426995404
9462622271
8094513233
7073872219
9413372016
7357774944
8949324203
9414291823
9636821356
9828156821
6377927748
9799247456
7878097945
9928144542
9828509920
8619035195
9588812665
9462690093
9166377798
7378050278
8741009451
9664038140
8107893092 9929383833 9414350861 9414271480 9784310785 8104819713 6375762657 8560096315 9460307449 9784372235 9929714499 7737363644 7424951548 9414293997 8824655894 9511323674 8107734434 9205993907 7742314280 9828232366 9587973989 7014021107 8290326951 7691078668 8290326951 9352254047 9602530475 8740859097 9649938697 9079848877 9660815335 9602439920 6350521210 9571548690 9667860126 8209333981 8058883027 7877733038 6367453104 7240545059 8955085700 6367483540 6367851694 9782217529 9828354093 9166003963 7073348719
9982234456 8652064451 9799610277 8432728431 9413181732 8058128409 7878197308 9950649131 9928090087 7878973857 7414080001 7425099407 6367363123 9828220895 8824864896 9828220895 9214521118 6377621889 9269022155 9610622281 8432655659 9460084509 9929592813 8955246338 7976641740 9414031784 9571303634 9602771348 9001110232 9680930997 9829892192 9828702468 9314425170 9057578837 8107822489 7023535092 9784581569 8290040750 9828426996 8740952397 9983198477 8306313714 8107849819 8852046665 8290918406 8949172541 9530229545 7568357257
8766065654 9694818255 9694818255 8386022490 9462046855 7877638499 8209789096 6367754066 8763031751 8209789096 8619521480 9001940086 9079152844 8302900324 9414350861 9351884846 6350453257 8949286004 9468758961 9602223985 7426910055 9460555179 9664174778 7062268190 7014852911 8118806878 9694766082 9079969091 9079969091 7627001962 9678928635 9588853603 9001660901 7727007965 8058078906 9597848020 9116709318 8209973348 8824628086 7976072471 8000953203 9649813298 9056432414 8949892811 9928002774 9610000242 8302443290 7792957469
7976978438
7850932044
8875079284
9829595424
9829704956
9602600682
9829800075
8800560253
9929219963
6375566382
6375566382
9414100110
9829481212
8058072495
9829630483
6377062669
8696954394
7413939177
8949068938
7413034475
9351257884
9785003901
7740960778
9828550055
6377623629
9166844029
6377623629
9784533345
9549871788
9549871788
8302494394
9829821571
8875532438
7062004224
9116839075
9799552197
9636832000
6377281830
7742186767
8302080144
9983106428
7742290578
9983776519
7877721298
7877139342
9887933361
9928776030
7014266697

9414031784

7366981572

9887533334

9521051688

8233462142

8290900753

8233462142

8696105907

7425874538

8955683815

8690525180

9680002031

7023478889

9928159240

6367643132

9928356875

8955281952

8058289902

7976953320

7742993105

8696520935

6378008044

8386070590

9660560591

8949183685

8619140859

9414300617

9783961787

9302747433

8955287173

8947992998

7073368468

9928541515

9810018088

9351804252

9166330039

8306941750

9829661102

9414576305

8505097668

9306289328

9166330039

9784423417

7877773476

7737675144

7357444262

9509702822

7014085646

9414031784

7366981572

9887533334

9521051688

8233462142

8290900753

8233462142

8696105907

7425874538

8955683815

8690525180

9680002031

7023478889

9928159240

6367643132

9928356875

8955281952

8058289902

7976953320

7742993105

8696520935

6378008044

8386070590

9660560591

8949183685

8619140859

9414300617

9783961787

9302747433

8955287173

8947992998

7073368468

9928541515

9810018088

9351804252

9166330039

8306941750

9829661102

9414576305

8505097668

9306289328

9166330039

9784423417

7877773476

7737675144

7357444262
918619025787

919460067015

919828411280

919887972906

918696526464

919784592001

919414937180

918209337117.

919784575901

919784575901

919950034576

919950034576

919461459423

917296807683

917878675661

919799017036

919799017036

919799017036

919950570451

918503074009

918503074009

918949491399

919829679403

919314074523

919414745780

918696316770

918278412700

917568140412

919079965438

919079965438

919351239160

919414830788

919414830788

919929910305
918901091896

917425075854

919784574904

919462583141

919784574904

919784574904

919079257899

919784815335

919928279263

919468674761

918432307358

919784574904

919461700895

919829734550

919829734550

919414141040

919413922800

919672657669

917976253475

917849922049

917976253475
9829391526

9887476461

6367362199 9351155780
7229813479 6378821308 7610028694 9783141004 7877490729

7427095333 9928088870

8058471711

8769960873

9982559717
8306695437
9784628862
8824381603
9414600660
9829220083

